camera_matrix:
- - 9180.975669844744
  - 0.0
  - 984.0738275283587
- - 0.0
  - 9082.773141707186
  - 519.7631431558184
- - 0.0
  - 0.0
  - 1.0
distortion_coefficients:
- - 1.2957459139544105
  - -193.63663011640656
  - -0.025869096694252452
  - 0.010325475160616746
  - 8775.936643700345
rotation_vectors:
- - -0.7839355817000354
  - 0.012420445017817215
  - 0.01612392229720959
- - 0.002711990506315799
  - 1.1889332360027076
  - 2.899227098126108
- - -0.29606824922236863
  - 1.7505903565958426e-05
  - 0.4403920629131231
- - -0.7728946385585634
  - 0.11200988663858569
  - 0.3277049244717773
- - -0.7834078704263787
  - 0.004667673389570487
  - 0.021661220287492036
- - -0.03652514260646777
  - 1.616805329622876
  - 2.575165632586198
- - -0.9171127396028649
  - -0.7554866482686426
  - -1.2185971421395165
- - -0.7736275621352319
  - -0.017438096493254007
  - -0.006215575726008281
- - -0.4749361231132894
  - 0.3994821538865405
  - 0.781012468965059
- - -0.5448178460203157
  - 0.36375289440197073
  - 0.885820318998153
- - 0.02668193424973132
  - 0.28930209288244274
  - 0.754507211212085
- - 0.15727637584373869
  - 0.37397699260180023
  - 0.7583902117788882
- - 0.06929370438457277
  - 0.43935672925743713
  - 0.8255900744583967
- - -0.6953068803493112
  - 0.4276210985028346
  - 1.0282391882900337
- - 0.24806337417533142
  - 0.18380859827862844
  - 0.1240728322788343
translation_vectors:
- - -27.501403950883535
  - -11.723248812984908
  - 734.1800329989335
- - -1.9684475628671865
  - 40.82979798616534
  - 678.9184439035207
- - 11.227622885108309
  - -5.328206506876088
  - 674.6321993552814
- - 31.60716400881165
  - -2.655105479110224
  - 728.0323250944585
- - -7.380242946168367
  - -2.214891364060449
  - 725.051232538938
- - 31.665579248849795
  - 12.361972066240456
  - 680.4293054559446
- - -58.019446326409025
  - 27.339202042851245
  - 663.7395850397156
- - 26.904486150231495
  - 22.58573957090527
  - 699.8083075804568
- - 29.128081870136523
  - -17.164580911054838
  - 685.2566585022255
- - -19.4539092404657
  - -3.849573151787644
  - 688.303701636494
- - 28.68757566724365
  - -11.268574387976194
  - 652.4553421220063
- - -27.29058211828495
  - -25.202428050159547
  - 655.999690967203
- - 13.082809509102288
  - -6.330347291305564
  - 624.3011917724145
- - 18.05670316229458
  - 16.17423791735098
  - 705.1972877560942
- - -27.79525261430861
  - -4.662481237517142
  - 647.6108888371041
